0.11011029920864279
0.2868426801659497
0.23857383845622904
0.060246634810633304
0.31442652607734634
0.5496606048099812
0.6728132635505668
0.2695545529167953
0.6912339315104703
0.47066847703170567
0.7775593438771836
0.08702104159964441
0.604574546248282
0.9882919260955622
0.4685071182400268
0.39324568414056504
0.8257604200359018
0.765784185321823
0.04156365797735728
0.4960243870248192
0.1324033174332574
0.3958598117938589
0.702210619109842
0.1062129217859783
0.535897208614849
0.9501171679130338
0.9805703425025543
0.6361121277646441
0.9169405300648942
0.12280248914442671
0.48019937650074784
0.713964093699501
0.6999425093921797
0.11144370882830934
0.3698273908508162
0.3253676099592411
0.6012718914238804
0.6336365943996548
0.48190087686516103
0.43316096263144543
0.39553722834733096
0.5542656787706263
0.6645397527708076
0.8814334496243017
0.635783050140349
0.6619509826112239
0.04696661061562546
0.22848465777730032
0.38446406220709284
0.7990053473706606
0.21164369035563546
0.840687219422646
0.8681552613461904
0.2045912135646536
0.8593500969986207
0.15552427540557834
0.09756872060802602
0.044903158404067556
0.40419194781364687
0.5892476557555157
0.20584202271617813
0.6165172500854903
0.4251114999318729
0.45388197261908025
0.4262504667807059
